[gd_scene load_steps=30 format=3 uid="uid://b5co6ooaqxoup"]

[ext_resource type="PackedScene" uid="uid://ba5n0ovwgr8lc" path="res://scenes/levels/level.tscn" id="1_ir56p"]
[ext_resource type="PackedScene" uid="uid://d327n5upxfjam" path="res://scenes/entities/enemies/skeleton_warrior.tscn" id="2_lot5k"]
[ext_resource type="PackedScene" uid="uid://cemytfet0p4pv" path="res://scenes/levels/overworld_skin.tscn" id="2_qihoi"]
[ext_resource type="PackedScene" uid="uid://defd80nyuanxo" path="res://graphics/environment/objects/barrel.glb" id="2_x035b"]
[ext_resource type="PackedScene" uid="uid://bkmfvv8om32xq" path="res://graphics/environment/objects/tree1.glb" id="3_tkdc4"]
[ext_resource type="PackedScene" uid="uid://ddsvnkbeyypbu" path="res://graphics/environment/objects/tree2.glb" id="4_y5pk3"]
[ext_resource type="PackedScene" uid="uid://cmmdtdawyvkdr" path="res://graphics/environment/objects/tree3.glb" id="5_dd547"]
[ext_resource type="PackedScene" uid="uid://cnx8e4v6j3cwv" path="res://graphics/environment/objects/tree4.glb" id="6_3mss3"]
[ext_resource type="PackedScene" uid="uid://bgkbet728sbnu" path="res://graphics/environment/objects/target.glb" id="7_y4kn4"]
[ext_resource type="PackedScene" uid="uid://ml08shfcjeyy" path="res://graphics/environment/objects/shrine.glb" id="8_adrc2"]
[ext_resource type="PackedScene" uid="uid://busa8h5c44075" path="res://graphics/environment/objects/platoon.glb" id="9_uht01"]
[ext_resource type="PackedScene" uid="uid://c04ysd6ex0ubs" path="res://graphics/environment/objects/pinetree.glb" id="10_px2ri"]
[ext_resource type="PackedScene" uid="uid://017tob8o06v3" path="res://graphics/environment/objects/log.glb" id="11_xjcq4"]
[ext_resource type="PackedScene" uid="uid://fxi3picm86d8" path="res://graphics/environment/objects/lantern.glb" id="12_gbx5q"]
[ext_resource type="PackedScene" uid="uid://crbb8scv3stc0" path="res://graphics/environment/objects/fence_post.glb" id="13_lr3ui"]
[ext_resource type="PackedScene" uid="uid://cefax5g013mud" path="res://graphics/environment/objects/fence_middle.glb" id="14_xqqgh"]
[ext_resource type="PackedScene" uid="uid://dsvmcf0eee72c" path="res://graphics/environment/objects/crates.glb" id="15_i4a1j"]
[ext_resource type="PackedScene" uid="uid://d2pglgy0w12pg" path="res://graphics/environment/objects/chest.glb" id="16_3xrcs"]
[ext_resource type="PackedScene" uid="uid://b4rhqen2u7u1d" path="res://graphics/environment/objects/campfire.glb" id="17_c6efx"]
[ext_resource type="PackedScene" uid="uid://dxvaiymlygd8b" path="res://graphics/environment/objects/camp.glb" id="18_b1mm3"]
[ext_resource type="PackedScene" uid="uid://slk1ga1hqhs2" path="res://graphics/environment/objects/box.glb" id="19_qe4n7"]
[ext_resource type="PackedScene" uid="uid://cl6jdraxnqkty" path="res://graphics/environment/objects/rocks1.glb" id="22_ynx4l"]
[ext_resource type="PackedScene" uid="uid://cw8b2woh0hlrx" path="res://graphics/environment/objects/rocks3.glb" id="24_rgo7y"]
[ext_resource type="PackedScene" uid="uid://ddxxrjnraf6cy" path="res://scenes/levels/bridge.tscn" id="25_larlf"]
[ext_resource type="PackedScene" uid="uid://b7fri258q6w5x" path="res://graphics/environment/objects/rocks4.glb" id="25_s4fgv"]
[ext_resource type="PackedScene" uid="uid://lforr8lmeko6" path="res://graphics/environment/objects/rock5.glb" id="26_km41g"]
[ext_resource type="PackedScene" uid="uid://bkoxyac6bu5r2" path="res://scenes/levels/castle.tscn" id="26_xrcmk"]

[sub_resource type="PlaneMesh" id="PlaneMesh_nfsj7"]
size = Vector2(600, 300)

[sub_resource type="StandardMaterial3D" id="StandardMaterial3D_6vgit"]
albedo_color = Color(0, 0.501961, 1, 1)

[node name="Overworld" instance=ExtResource("1_ir56p")]

[node name="player" parent="entities" index="0"]
transform = Transform3D(1, 0, 0, 0, 1, 0, 0, 0, 1, 58.4571, -34.8718, 212.161)

[node name="enemies" type="Node3D" parent="entities" index="1"]

[node name="warrior" type="Node3D" parent="entities/enemies" index="0"]

[node name="SkeletonWarrior" parent="entities/enemies/warrior" index="0" instance=ExtResource("2_lot5k")]
transform = Transform3D(-0.710996, 0, 0.703196, 0, 1, 0, -0.703196, 0, -0.710996, -141.419, -32.7623, 130.859)

[node name="SkeletonWarrior4" parent="entities/enemies/warrior" index="1" instance=ExtResource("2_lot5k")]
transform = Transform3D(-0.710996, 0, 0.703196, 0, 1, 0, -0.703196, 0, -0.710996, -142.048, -32.7544, 128.257)

[node name="SkeletonWarrior2" parent="entities/enemies/warrior" index="2" instance=ExtResource("2_lot5k")]
transform = Transform3D(-0.97369, 0, 0.227875, 0, 1, 0, -0.227875, 0, -0.97369, -139.12, -32.7575, 132.22)

[node name="SkeletonWarrior3" parent="entities/enemies/warrior" index="3" instance=ExtResource("2_lot5k")]
transform = Transform3D(-0.970355, 0, -0.241685, 0, 1, 0, 0.241685, 0, -0.970355, -136.711, -32.7399, 132.076)

[node name="overworld_environment" parent="environment" index="0" instance=ExtResource("2_qihoi")]

[node name="water" type="MeshInstance3D" parent="environment" index="1"]
transform = Transform3D(1, 0, 0, 0, 1, 0, 0, 0, 1, -22.5008, -45.7945, 220.883)
mesh = SubResource("PlaneMesh_nfsj7")
surface_material_override/0 = SubResource("StandardMaterial3D_6vgit")

[node name="trees" type="Node3D" parent="environment" index="2"]

[node name="tree1" parent="environment/trees" index="0" instance=ExtResource("3_tkdc4")]
transform = Transform3D(1, 0, 0, 0, 1, 0, 0, 0, 1, 3.04766, 13.0797, -77.0887)

[node name="tree16" parent="environment/trees" index="1" instance=ExtResource("3_tkdc4")]
transform = Transform3D(1, 0, 0, 0, 1, 0, 0, 0, 1, -33.0422, -27.7908, 21.7146)

[node name="tree2" parent="environment/trees" index="2" instance=ExtResource("4_y5pk3")]
transform = Transform3D(0.873849, 0, -0.486198, 0, 1, 0, 0.486198, 0, 0.873849, -18.7169, -20.1867, -29.3376)

[node name="tree10" parent="environment/trees" index="3" instance=ExtResource("4_y5pk3")]
transform = Transform3D(0.35465, 0, -0.934999, 0, 1, 0, 0.934999, 0, 0.35465, 35.2699, -9.01819, -19.5756)

[node name="tree11" parent="environment/trees" index="4" instance=ExtResource("4_y5pk3")]
transform = Transform3D(0.35465, 0, -0.934999, 0, 1, 0, 0.934999, 0, 0.35465, 35.5658, -19.4054, 5.86476)

[node name="tree63" parent="environment/trees" index="5" instance=ExtResource("4_y5pk3")]
transform = Transform3D(-0.99452, 1.65585e-07, -0.104546, 1.58851e-07, 1, 7.27337e-08, 0.104546, 5.57279e-08, -0.99452, -96.1274, -30.1795, 73.0847)

[node name="tree64" parent="environment/trees" index="6" instance=ExtResource("4_y5pk3")]
transform = Transform3D(-0.778276, 1.65585e-07, -0.627922, 9.38779e-08, 1, 1.47346e-07, 0.627922, 5.57279e-08, -0.778276, -47.0292, -32.6727, 119.422)

[node name="tree65" parent="environment/trees" index="7" instance=ExtResource("4_y5pk3")]
transform = Transform3D(-0.99452, 1.65585e-07, -0.104546, 1.58851e-07, 1, 7.27337e-08, 0.104546, 5.57279e-08, -0.99452, -110.851, -28.8804, 65.6167)

[node name="tree66" parent="environment/trees" index="8" instance=ExtResource("4_y5pk3")]
transform = Transform3D(-0.778276, 1.65585e-07, -0.627922, 9.38779e-08, 1, 1.47346e-07, 0.627922, 5.57279e-08, -0.778276, -50.8152, -31.9283, 73.1606)

[node name="tree67" parent="environment/trees" index="9" instance=ExtResource("4_y5pk3")]
transform = Transform3D(-0.778276, 1.65585e-07, -0.627922, 9.38779e-08, 1, 1.47346e-07, 0.627922, 5.57279e-08, -0.778276, -72.2767, -30.7896, 72.0657)

[node name="tree68" parent="environment/trees" index="10" instance=ExtResource("4_y5pk3")]
transform = Transform3D(-0.982865, 1.65585e-07, -0.184329, 1.52475e-07, 1, 8.5295e-08, 0.184329, 5.57279e-08, -0.982865, -51.3815, -32.5111, 88.9088)

[node name="tree69" parent="environment/trees" index="11" instance=ExtResource("4_y5pk3")]
transform = Transform3D(-0.982865, 1.65585e-07, -0.184329, 1.52475e-07, 1, 8.5295e-08, 0.184329, 5.57279e-08, -0.982865, -60.6581, -32.6141, 92.8909)

[node name="tree70" parent="environment/trees" index="12" instance=ExtResource("4_y5pk3")]
transform = Transform3D(-0.99452, 1.65585e-07, -0.104546, 1.58851e-07, 1, 7.27337e-08, 0.104546, 5.57279e-08, -0.99452, -89.1596, -32.5142, 124.015)

[node name="tree71" parent="environment/trees" index="13" instance=ExtResource("4_y5pk3")]
transform = Transform3D(-0.778276, 1.65585e-07, -0.627922, 9.38779e-08, 1, 1.47346e-07, 0.627922, 5.57279e-08, -0.778276, -78.1456, -32.6473, 146.963)

[node name="tree72" parent="environment/trees" index="14" instance=ExtResource("4_y5pk3")]
transform = Transform3D(-0.982865, 1.65585e-07, -0.184329, 1.52475e-07, 1, 8.5295e-08, 0.184329, 5.57279e-08, -0.982865, -69.4521, -32.6158, 126.661)

[node name="tree73" parent="environment/trees" index="15" instance=ExtResource("4_y5pk3")]
transform = Transform3D(-0.99452, 1.65585e-07, -0.104546, 1.58851e-07, 1, 7.27337e-08, 0.104546, 5.57279e-08, -0.99452, -90.5199, -31.8161, 100.565)

[node name="tree74" parent="environment/trees" index="16" instance=ExtResource("4_y5pk3")]
transform = Transform3D(-0.982865, 1.65585e-07, -0.184329, 1.52475e-07, 1, 8.5295e-08, 0.184329, 5.57279e-08, -0.982865, -69.4193, -32.5747, 116.569)

[node name="tree75" parent="environment/trees" index="17" instance=ExtResource("4_y5pk3")]
transform = Transform3D(-0.778276, 1.65585e-07, -0.627922, 9.38779e-08, 1, 1.47346e-07, 0.627922, 5.57279e-08, -0.778276, -79.2605, -32.4325, 111.373)

[node name="tree76" parent="environment/trees" index="18" instance=ExtResource("4_y5pk3")]
transform = Transform3D(-0.0806339, 1.65585e-07, -0.996744, -4.21947e-08, 1, 1.69539e-07, 0.996744, 5.57279e-08, -0.0806339, -104.363, -32.2086, 113.542)

[node name="tree77" parent="environment/trees" index="19" instance=ExtResource("4_y5pk3")]
transform = Transform3D(-0.99452, 1.65585e-07, -0.104546, 1.58851e-07, 1, 7.27337e-08, 0.104546, 5.57279e-08, -0.99452, -148.977, -31.0066, 100.583)

[node name="tree78" parent="environment/trees" index="20" instance=ExtResource("4_y5pk3")]
transform = Transform3D(-0.99452, 1.65585e-07, -0.104546, 1.58851e-07, 1, 7.27337e-08, 0.104546, 5.57279e-08, -0.99452, -131.377, -31.5415, 104.201)

[node name="tree79" parent="environment/trees" index="21" instance=ExtResource("4_y5pk3")]
transform = Transform3D(-0.99452, 1.65585e-07, -0.104546, 1.58851e-07, 1, 7.27337e-08, 0.104546, 5.57279e-08, -0.99452, -119.358, -31.8332, 97.4991)

[node name="tree80" parent="environment/trees" index="22" instance=ExtResource("4_y5pk3")]
transform = Transform3D(0.567269, 1.65585e-07, 0.823533, -4.80374e-08, 1, -1.67977e-07, -0.823533, 5.57279e-08, 0.567269, -150.137, -33.2507, 149.214)

[node name="tree81" parent="environment/trees" index="23" instance=ExtResource("4_y5pk3")]
transform = Transform3D(-0.99452, 1.65585e-07, -0.104546, 1.58851e-07, 1, 7.27337e-08, 0.104546, 5.57279e-08, -0.99452, -119.325, -30.9804, 87.4065)

[node name="tree82" parent="environment/trees" index="24" instance=ExtResource("4_y5pk3")]
transform = Transform3D(-0.99452, 1.65585e-07, -0.104546, 1.58851e-07, 1, 7.27337e-08, 0.104546, 5.57279e-08, -0.99452, -129.166, -29.2164, 82.2108)

[node name="tree83" parent="environment/trees" index="25" instance=ExtResource("4_y5pk3")]
transform = Transform3D(-0.99452, 1.65585e-07, -0.104546, 1.58851e-07, 1, 7.27337e-08, 0.104546, 5.57279e-08, -0.99452, -143.714, -28.0409, 81.5875)

[node name="tree84" parent="environment/trees" index="26" instance=ExtResource("4_y5pk3")]
transform = Transform3D(-0.778276, 1.65585e-07, -0.627922, 9.38779e-08, 1, 1.47346e-07, 0.627922, 5.57279e-08, -0.778276, -173.883, -32.5965, 119.62)

[node name="tree85" parent="environment/trees" index="27" instance=ExtResource("4_y5pk3")]
transform = Transform3D(0.447946, 1.65585e-07, -0.894061, -1.23997e-07, 1, 1.2308e-07, 0.894061, 5.57279e-08, 0.447946, -159.461, -32.6991, 128.647)

[node name="tree87" parent="environment/trees" index="28" instance=ExtResource("4_y5pk3")]
transform = Transform3D(-0.778276, 1.65585e-07, -0.627922, 9.38779e-08, 1, 1.47346e-07, 0.627922, 5.57279e-08, -0.778276, -167.19, -31.2985, 93.6955)

[node name="tree88" parent="environment/trees" index="29" instance=ExtResource("4_y5pk3")]
transform = Transform3D(0.956763, 1.65585e-07, -0.290869, -1.74635e-07, 1, -5.15487e-09, 0.290869, 5.57279e-08, 0.956763, -154.143, -32.2793, 112.173)

[node name="tree89" parent="environment/trees" index="30" instance=ExtResource("4_y5pk3")]
transform = Transform3D(-0.778276, 1.65585e-07, -0.627922, 9.38779e-08, 1, 1.47346e-07, 0.627922, 5.57279e-08, -0.778276, -163.984, -32.3538, 106.977)

[node name="tree90" parent="environment/trees" index="31" instance=ExtResource("4_y5pk3")]
transform = Transform3D(-0.778276, 1.65585e-07, -0.627922, 9.38779e-08, 1, 1.47346e-07, 0.627922, 5.57279e-08, -0.778276, -174.09, -32.5464, 110.935)

[node name="tree91" parent="environment/trees" index="32" instance=ExtResource("4_y5pk3")]
transform = Transform3D(0.567269, 1.65585e-07, 0.823533, -4.80374e-08, 1, -1.67977e-07, -0.823533, 5.57279e-08, 0.567269, -146.18, -33.5781, 170.34)

[node name="tree92" parent="environment/trees" index="33" instance=ExtResource("4_y5pk3")]
transform = Transform3D(-0.124502, 1.65585e-07, -0.992219, -3.46787e-08, 1, 1.71235e-07, 0.992219, 5.57279e-08, -0.124502, -104.887, -33.554, 175.991)

[node name="tree93" parent="environment/trees" index="34" instance=ExtResource("4_y5pk3")]
transform = Transform3D(0.447946, 1.65585e-07, -0.894061, -1.23997e-07, 1, 1.2308e-07, 0.894061, 5.57279e-08, 0.447946, -153.904, -37.4702, 183.442)

[node name="tree94" parent="environment/trees" index="35" instance=ExtResource("4_y5pk3")]
transform = Transform3D(-0.124502, 1.65585e-07, -0.992219, -3.46787e-08, 1, 1.71235e-07, 0.992219, 5.57279e-08, -0.124502, -114.713, -33.8866, 181.895)

[node name="tree95" parent="environment/trees" index="36" instance=ExtResource("4_y5pk3")]
transform = Transform3D(0.952247, 1.65585e-07, -0.30533, -1.74693e-07, 1, -2.50875e-09, 0.30533, 5.57279e-08, 0.952247, -103.573, -32.5668, 151.769)

[node name="tree96" parent="environment/trees" index="37" instance=ExtResource("4_y5pk3")]
transform = Transform3D(0.952247, 1.65585e-07, -0.30533, -1.74693e-07, 1, -2.50875e-09, 0.30533, 5.57279e-08, 0.952247, -113.414, -32.539, 146.574)

[node name="tree97" parent="environment/trees" index="38" instance=ExtResource("4_y5pk3")]
transform = Transform3D(0.473642, 1.65585e-07, -0.880717, -1.27509e-07, 1, 1.19438e-07, 0.880717, 5.57279e-08, 0.473642, -123.52, -32.5698, 150.531)

[node name="tree98" parent="environment/trees" index="39" instance=ExtResource("4_y5pk3")]
transform = Transform3D(-0.201916, 1.65585e-07, -0.979403, -2.11459e-08, 1, 1.73427e-07, 0.979403, 5.57279e-08, -0.201916, -201.677, -37.202, 171.44)

[node name="tree99" parent="environment/trees" index="40" instance=ExtResource("4_y5pk3")]
transform = Transform3D(-0.201916, 1.65585e-07, -0.979403, -2.11459e-08, 1, 1.73427e-07, 0.979403, 5.57279e-08, -0.201916, -185.574, -36.6796, 167.333)

[node name="tree100" parent="environment/trees" index="41" instance=ExtResource("4_y5pk3")]
transform = Transform3D(-0.201916, 1.65585e-07, -0.979403, -2.11459e-08, 1, 1.73427e-07, 0.979403, 5.57279e-08, -0.201916, -173.025, -36.8339, 165.091)

[node name="tree101" parent="environment/trees" index="42" instance=ExtResource("4_y5pk3")]
transform = Transform3D(-0.201916, 1.65585e-07, -0.979403, -2.11459e-08, 1, 1.73427e-07, 0.979403, 5.57279e-08, -0.201916, -191.18, -34.0235, 145.854)

[node name="tree102" parent="environment/trees" index="43" instance=ExtResource("4_y5pk3")]
transform = Transform3D(-0.201916, 1.65585e-07, -0.979403, -2.11459e-08, 1, 1.73427e-07, 0.979403, 5.57279e-08, -0.201916, -176.227, -34.121, 146.834)

[node name="tree103" parent="environment/trees" index="44" instance=ExtResource("4_y5pk3")]
transform = Transform3D(-0.778276, 1.65585e-07, -0.627922, 9.38779e-08, 1, 1.47346e-07, 0.627922, 5.57279e-08, -0.778276, -197.775, -33.2688, 130.729)

[node name="tree104" parent="environment/trees" index="45" instance=ExtResource("4_y5pk3")]
transform = Transform3D(-0.201916, 1.65585e-07, -0.979403, -2.11459e-08, 1, 1.73427e-07, 0.979403, 5.57279e-08, -0.201916, -211.838, -34.83, 148.154)

[node name="tree12" parent="environment/trees" index="46" instance=ExtResource("4_y5pk3")]
transform = Transform3D(0.825242, 0, -0.56478, 0, 1, 0, 0.56478, 0, 0.825242, 72.9868, -21.7483, 24.3534)

[node name="tree13" parent="environment/trees" index="47" instance=ExtResource("4_y5pk3")]
transform = Transform3D(0.35465, 0, -0.934999, 0, 1, 0, 0.934999, 0, 0.35465, 99.4625, -12.2853, -10.4052)

[node name="tree3" parent="environment/trees" index="48" instance=ExtResource("5_dd547")]
transform = Transform3D(1, 0, 0, 0, 1, 0, 0, 0, 1, 13.8652, 13.0641, -70.6957)

[node name="tree21" parent="environment/trees" index="49" instance=ExtResource("3_tkdc4")]
transform = Transform3D(0.999975, 0, -0.00705107, 0, 1, 0, 0.00705107, 0, 0.999975, 20.3177, -13.7768, -17.6323)

[node name="tree27" parent="environment/trees" index="50" instance=ExtResource("5_dd547")]
transform = Transform3D(1, 0, 0, 0, 1, 0, 0, 0, 1, 31.1352, -13.2828, -11.2394)

[node name="tree128" parent="environment/trees" index="51" instance=ExtResource("3_tkdc4")]
transform = Transform3D(0.75146, 0, -0.659779, 0, 1, 0, 0.659779, 0, 0.75146, 77.5198, -30.7406, 46.0281)

[node name="tree130" parent="environment/trees" index="52" instance=ExtResource("5_dd547")]
transform = Transform3D(0.928622, 0, -0.371027, 0, 1, 0, 0.371027, 0, 0.928622, 88.3373, -31.9771, 52.4211)

[node name="tree86" parent="environment/trees" index="53" instance=ExtResource("3_tkdc4")]
transform = Transform3D(0.587672, 0, -0.809099, 0, 1, 0, 0.809099, 0, 0.587672, 15.3736, -29.2197, 30.552)

[node name="tree120" parent="environment/trees" index="54" instance=ExtResource("5_dd547")]
transform = Transform3D(0.587672, 0, -0.809099, 0, 1, 0, 0.809099, 0, 0.587672, 16.5583, -31.5457, 43.0614)

[node name="tree15" parent="environment/trees" index="55" instance=ExtResource("5_dd547")]
transform = Transform3D(1, 0, 0, 0, 1, 0, 0, 0, 1, -55.6521, -20.6125, 5.18163)

[node name="tree14" parent="environment/trees" index="56" instance=ExtResource("5_dd547")]
transform = Transform3D(0.825242, 0, -0.56478, 0, 1, 0, 0.56478, 0, 0.825242, 57.2025, -19.1283, 16.2748)

[node name="tree4" parent="environment/trees" index="57" instance=ExtResource("6_3mss3")]
transform = Transform3D(0.35465, 0, -0.934999, 0, 1, 0, 0.934999, 0, 0.35465, 37.6577, 1.37596, -39.5818)

[node name="tree149" parent="environment/trees" index="58" instance=ExtResource("6_3mss3")]
transform = Transform3D(0.837681, 0, -0.54616, 0, 1, 0, 0.54616, 0, 0.837681, -8.41742, 13.1789, -79.2853)

[node name="tree5" parent="environment/trees" index="59" instance=ExtResource("6_3mss3")]
transform = Transform3D(0.35465, 0, -0.934999, 0, 1, 0, 0.934999, 0, 0.35465, 60.8636, 2.12337, -33.1146)

[node name="tree6" parent="environment/trees" index="60" instance=ExtResource("6_3mss3")]
transform = Transform3D(0.35465, 0, -0.934999, 0, 1, 0, 0.934999, 0, 0.35465, 11.2816, -18.3969, -9.78189)

[node name="tree7" parent="environment/trees" index="61" instance=ExtResource("6_3mss3")]
transform = Transform3D(0.825242, 0, -0.56478, 0, 1, 0, 0.56478, 0, 0.825242, 36.77, -26.1652, 26.8657)

[node name="tree17" parent="environment/trees" index="62" instance=ExtResource("6_3mss3")]
transform = Transform3D(-0.99452, 1.65585e-07, -0.104546, 1.58851e-07, 1, 7.27337e-08, 0.104546, 5.57279e-08, -0.99452, -139.672, -23.8223, 59.2392)

[node name="tree18" parent="environment/trees" index="63" instance=ExtResource("6_3mss3")]
transform = Transform3D(-0.99452, 1.65585e-07, -0.104546, 1.58851e-07, 1, 7.27337e-08, 0.104546, 5.57279e-08, -0.99452, -140.727, -26.8766, 74.1268)

[node name="tree19" parent="environment/trees" index="64" instance=ExtResource("6_3mss3")]
transform = Transform3D(-0.99452, 1.65585e-07, -0.104546, 1.58851e-07, 1, 7.27337e-08, 0.104546, 5.57279e-08, -0.99452, -140.682, -31.9484, 104.602)

[node name="tree20" parent="environment/trees" index="65" instance=ExtResource("6_3mss3")]
transform = Transform3D(-0.99452, 1.65585e-07, -0.104546, 1.58851e-07, 1, 7.27337e-08, 0.104546, 5.57279e-08, -0.99452, -157.976, -31.5669, 99.1933)

[node name="tree22" parent="environment/trees" index="66" instance=ExtResource("6_3mss3")]
transform = Transform3D(-0.778276, 1.65585e-07, -0.627922, 9.38779e-08, 1, 1.47346e-07, 0.627922, 5.57279e-08, -0.778276, -172.97, -33.0404, 121.784)

[node name="tree23" parent="environment/trees" index="67" instance=ExtResource("6_3mss3")]
transform = Transform3D(-0.201916, 1.65585e-07, -0.979403, -2.11459e-08, 1, 1.73427e-07, 0.979403, 5.57279e-08, -0.201916, -205.51, -36.0159, 157.426)

[node name="tree24" parent="environment/trees" index="68" instance=ExtResource("6_3mss3")]
transform = Transform3D(-0.201916, 1.65585e-07, -0.979403, -2.11459e-08, 1, 1.73427e-07, 0.979403, 5.57279e-08, -0.201916, -178.825, -35.6738, 154.105)

[node name="tree26" parent="environment/trees" index="69" instance=ExtResource("6_3mss3")]
transform = Transform3D(0.961329, 1.65585e-07, 0.275402, -1.43834e-07, 1, -9.91753e-08, -0.275402, 5.57279e-08, 0.961329, -139.219, -33.1294, 157.184)

[node name="tree28" parent="environment/trees" index="70" instance=ExtResource("6_3mss3")]
transform = Transform3D(-0.99452, 1.65585e-07, -0.104546, 1.58851e-07, 1, 7.27337e-08, 0.104546, 5.57279e-08, -0.99452, -122.806, -32.2115, 100.462)

[node name="tree29" parent="environment/trees" index="71" instance=ExtResource("6_3mss3")]
transform = Transform3D(-0.778276, 1.65585e-07, -0.627922, 9.38779e-08, 1, 1.47346e-07, 0.627922, 5.57279e-08, -0.778276, -191.914, -33.2781, 122.208)

[node name="tree30" parent="environment/trees" index="72" instance=ExtResource("6_3mss3")]
transform = Transform3D(-0.99452, 1.65585e-07, -0.104546, 1.58851e-07, 1, 7.27337e-08, 0.104546, 5.57279e-08, -0.99452, -155.5, -28.3541, 82.8512)

[node name="tree31" parent="environment/trees" index="73" instance=ExtResource("6_3mss3")]
transform = Transform3D(-0.778276, 1.65585e-07, -0.627922, 9.38779e-08, 1, 1.47346e-07, 0.627922, 5.57279e-08, -0.778276, -180.863, -32.8238, 101.204)

[node name="tree32" parent="environment/trees" index="74" instance=ExtResource("6_3mss3")]
transform = Transform3D(-0.778276, 1.65585e-07, -0.627922, 9.38779e-08, 1, 1.47346e-07, 0.627922, 5.57279e-08, -0.778276, -118.433, -28.4948, 54.9978)

[node name="tree33" parent="environment/trees" index="75" instance=ExtResource("6_3mss3")]
transform = Transform3D(-0.99452, 1.65585e-07, -0.104546, 1.58851e-07, 1, 7.27337e-08, 0.104546, 5.57279e-08, -0.99452, -98.6219, -28.2252, 59.3725)

[node name="tree34" parent="environment/trees" index="76" instance=ExtResource("6_3mss3")]
transform = Transform3D(0.956763, 1.65585e-07, -0.290869, -1.74635e-07, 1, -5.15487e-09, 0.290869, 5.57279e-08, 0.956763, -155.706, -32.825, 115.138)

[node name="tree35" parent="environment/trees" index="77" instance=ExtResource("6_3mss3")]
transform = Transform3D(-0.99452, 1.65585e-07, -0.104546, 1.58851e-07, 1, 7.27337e-08, 0.104546, 5.57279e-08, -0.99452, -101.142, -32.0852, 91.9635)

[node name="tree36" parent="environment/trees" index="78" instance=ExtResource("6_3mss3")]
transform = Transform3D(-0.778276, 1.65585e-07, -0.627922, 9.38779e-08, 1, 1.47346e-07, 0.627922, 5.57279e-08, -0.778276, -215.271, -36.7287, 171.534)

[node name="tree37" parent="environment/trees" index="79" instance=ExtResource("6_3mss3")]
transform = Transform3D(-0.0806339, 1.65585e-07, -0.996744, -4.21947e-08, 1, 1.69539e-07, 0.996744, 5.57279e-08, -0.0806339, -101.44, -32.8233, 121.745)

[node name="tree38" parent="environment/trees" index="80" instance=ExtResource("6_3mss3")]
transform = Transform3D(0.473642, 1.65585e-07, -0.880717, -1.27509e-07, 1, 1.19438e-07, 0.880717, 5.57279e-08, 0.473642, -123.542, -32.9755, 144.007)

[node name="tree39" parent="environment/trees" index="81" instance=ExtResource("6_3mss3")]
transform = Transform3D(0.447946, 1.65585e-07, -0.894061, -1.23997e-07, 1, 1.2308e-07, 0.894061, 5.57279e-08, 0.447946, -162.641, -37.627, 175.638)

[node name="tree40" parent="environment/trees" index="82" instance=ExtResource("6_3mss3")]
transform = Transform3D(-0.778276, 1.65585e-07, -0.627922, 9.38779e-08, 1, 1.47346e-07, 0.627922, 5.57279e-08, -0.778276, -207.199, -34.4133, 138.521)

[node name="tree41" parent="environment/trees" index="83" instance=ExtResource("6_3mss3")]
transform = Transform3D(0.447946, 1.65585e-07, -0.894061, -1.23997e-07, 1, 1.2308e-07, 0.894061, 5.57279e-08, 0.447946, -136.258, -33.7319, 177.379)

[node name="tree42" parent="environment/trees" index="84" instance=ExtResource("6_3mss3")]
transform = Transform3D(0.952247, 1.65585e-07, -0.30533, -1.74693e-07, 1, -2.50875e-09, 0.30533, 5.57279e-08, 0.952247, -101.304, -32.9751, 141.778)

[node name="tree43" parent="environment/trees" index="85" instance=ExtResource("6_3mss3")]
transform = Transform3D(-0.778276, 1.65585e-07, -0.627922, 9.38779e-08, 1, 1.47346e-07, 0.627922, 5.57279e-08, -0.778276, -81.7556, -32.5869, 100.595)

[node name="tree44" parent="environment/trees" index="86" instance=ExtResource("6_3mss3")]
transform = Transform3D(-0.778276, 1.65585e-07, -0.627922, 9.38779e-08, 1, 1.47346e-07, 0.627922, 5.57279e-08, -0.778276, -80.7037, -32.1695, 86.5122)

[node name="tree45" parent="environment/trees" index="87" instance=ExtResource("6_3mss3")]
transform = Transform3D(0.914014, 1.65585e-07, -0.405684, -1.73955e-07, 1, 1.6239e-08, 0.405684, 5.57279e-08, 0.914014, -156.788, -34.4566, 157.894)

[node name="tree46" parent="environment/trees" index="88" instance=ExtResource("6_3mss3")]
transform = Transform3D(1, 0, 0, 0, 1, 0, 0, 0, 1, -77.6323, -27.445, 54.9532)

[node name="tree47" parent="environment/trees" index="89" instance=ExtResource("6_3mss3")]
transform = Transform3D(1, 0, 0, 0, 1, 0, 0, 0, 1, -77.6323, -27.445, 54.9532)

[node name="tree48" parent="environment/trees" index="90" instance=ExtResource("6_3mss3")]
transform = Transform3D(-0.778276, 1.65585e-07, -0.627922, 9.38779e-08, 1, 1.47346e-07, 0.627922, 5.57279e-08, -0.778276, -53.9493, -31.4395, 59.5175)

[node name="tree49" parent="environment/trees" index="91" instance=ExtResource("6_3mss3")]
transform = Transform3D(0.961329, 1.65585e-07, 0.275402, -1.43834e-07, 1, -9.91753e-08, -0.275402, 5.57279e-08, 0.961329, -138.046, -33.0185, 148.472)

[node name="tree50" parent="environment/trees" index="92" instance=ExtResource("6_3mss3")]
transform = Transform3D(-0.201916, 1.65585e-07, -0.979403, -2.11459e-08, 1, 1.73427e-07, 0.979403, 5.57279e-08, -0.201916, -182.218, -33.7559, 138.971)

[node name="tree51" parent="environment/trees" index="93" instance=ExtResource("6_3mss3")]
transform = Transform3D(-0.778276, 1.65585e-07, -0.627922, 9.38779e-08, 1, 1.47346e-07, 0.627922, 5.57279e-08, -0.778276, -40.3826, -33.0471, 115.066)

[node name="tree52" parent="environment/trees" index="94" instance=ExtResource("6_3mss3")]
transform = Transform3D(-0.982865, 1.65585e-07, -0.184329, 1.52475e-07, 1, 8.5295e-08, 0.184329, 5.57279e-08, -0.982865, -56.7678, -33.1262, 121.89)

[node name="tree53" parent="environment/trees" index="95" instance=ExtResource("6_3mss3")]
transform = Transform3D(-0.778276, 1.65585e-07, -0.627922, 9.38779e-08, 1, 1.47346e-07, 0.627922, 5.57279e-08, -0.778276, -226.775, -34.3416, 154.939)

[node name="tree54" parent="environment/trees" index="96" instance=ExtResource("6_3mss3")]
transform = Transform3D(-0.778276, 1.65585e-07, -0.627922, 9.38779e-08, 1, 1.47346e-07, 0.627922, 5.57279e-08, -0.778276, -189.081, -38.5304, 173.91)

[node name="tree55" parent="environment/trees" index="97" instance=ExtResource("6_3mss3")]
transform = Transform3D(0.473642, 1.65585e-07, -0.880717, -1.27509e-07, 1, 1.19438e-07, 0.880717, 5.57279e-08, 0.473642, -118.987, -33.2444, 171.181)

[node name="tree56" parent="environment/trees" index="98" instance=ExtResource("6_3mss3")]
transform = Transform3D(-0.778276, 1.65585e-07, -0.627922, 9.38779e-08, 1, 1.47346e-07, 0.627922, 5.57279e-08, -0.778276, -120.954, -35.5918, 195.314)

[node name="tree57" parent="environment/trees" index="99" instance=ExtResource("6_3mss3")]
transform = Transform3D(-0.778276, 1.65585e-07, -0.627922, 9.38779e-08, 1, 1.47346e-07, 0.627922, 5.57279e-08, -0.778276, -105.781, -35.3883, 188.089)

[node name="tree58" parent="environment/trees" index="100" instance=ExtResource("6_3mss3")]
transform = Transform3D(0.952247, 1.65585e-07, -0.30533, -1.74693e-07, 1, -2.50875e-09, 0.30533, 5.57279e-08, 0.952247, -94.5753, -33.4309, 171.651)

[node name="tree59" parent="environment/trees" index="101" instance=ExtResource("6_3mss3")]
transform = Transform3D(0.447946, 1.65585e-07, -0.894061, -1.23997e-07, 1, 1.2308e-07, 0.894061, 5.57279e-08, 0.447946, -158.429, -33.4269, 136.73)

[node name="tree60" parent="environment/trees" index="102" instance=ExtResource("6_3mss3")]
transform = Transform3D(0.952247, 1.65585e-07, -0.30533, -1.74693e-07, 1, -2.50875e-09, 0.30533, 5.57279e-08, 0.952247, -99.9789, -33.0338, 157.249)

[node name="tree61" parent="environment/trees" index="103" instance=ExtResource("6_3mss3")]
transform = Transform3D(-0.778276, 1.65585e-07, -0.627922, 9.38779e-08, 1, 1.47346e-07, 0.627922, 5.57279e-08, -0.778276, -175.477, -30.2506, 83.6238)

[node name="tree62" parent="environment/trees" index="104" instance=ExtResource("6_3mss3")]
transform = Transform3D(-0.778276, 1.65585e-07, -0.627922, 9.38779e-08, 1, 1.47346e-07, 0.627922, 5.57279e-08, -0.778276, -58.8497, -33.6752, 143.195)

[node name="tree105" parent="environment/trees" index="105" instance=ExtResource("4_y5pk3")]
transform = Transform3D(-0.778276, 1.65585e-07, -0.627922, 9.38779e-08, 1, 1.47346e-07, 0.627922, 5.57279e-08, -0.778276, -80.1208, -32.4379, 107.502)

[node name="tree106" parent="environment/trees" index="106" instance=ExtResource("4_y5pk3")]
transform = Transform3D(-0.778276, 1.65585e-07, -0.627922, 9.38779e-08, 1, 1.47346e-07, 0.627922, 5.57279e-08, -0.778276, -51.9807, -33.5746, 168.869)

[node name="tree107" parent="environment/trees" index="107" instance=ExtResource("4_y5pk3")]
transform = Transform3D(-0.99452, 1.65585e-07, -0.104546, 1.58851e-07, 1, 7.27337e-08, 0.104546, 5.57279e-08, -0.99452, -90.9696, -31.7435, 95.0578)

[node name="tree108" parent="environment/trees" index="108" instance=ExtResource("4_y5pk3")]
transform = Transform3D(-0.778276, 1.65585e-07, -0.627922, 9.38779e-08, 1, 1.47346e-07, 0.627922, 5.57279e-08, -0.778276, -38.1434, -32.7941, 124.563)

[node name="tree109" parent="environment/trees" index="109" instance=ExtResource("4_y5pk3")]
transform = Transform3D(-0.982865, 1.65585e-07, -0.184329, 1.52475e-07, 1, 8.5295e-08, 0.184329, 5.57279e-08, -0.982865, -57.6284, -32.6081, 115.501)

[node name="tree110" parent="environment/trees" index="110" instance=ExtResource("4_y5pk3")]
transform = Transform3D(-0.778276, 1.65585e-07, -0.627922, 9.38779e-08, 1, 1.47346e-07, 0.627922, 5.57279e-08, -0.778276, -43.8144, -33.4932, 139.284)

[node name="tree111" parent="environment/trees" index="111" instance=ExtResource("4_y5pk3")]
transform = Transform3D(-0.982865, 1.65585e-07, -0.184329, 1.52475e-07, 1, 8.5295e-08, 0.184329, 5.57279e-08, -0.982865, -54.6665, -33.3318, 139.163)

[node name="tree112" parent="environment/trees" index="112" instance=ExtResource("4_y5pk3")]
transform = Transform3D(0.952247, 1.65585e-07, -0.30533, -1.74693e-07, 1, -2.50875e-09, 0.30533, 5.57279e-08, 0.952247, -92.7594, -32.5975, 157.329)

[node name="tree113" parent="environment/trees" index="113" instance=ExtResource("4_y5pk3")]
transform = Transform3D(-0.124502, 1.65585e-07, -0.992219, -3.46787e-08, 1, 1.71235e-07, 0.992219, 5.57279e-08, -0.124502, -91.1541, -34.1573, 182.733)

[node name="tree114" parent="environment/trees" index="114" instance=ExtResource("4_y5pk3")]
transform = Transform3D(-0.778276, 1.65585e-07, -0.627922, 9.38779e-08, 1, 1.47346e-07, 0.627922, 5.57279e-08, -0.778276, -75.4821, -32.8999, 167.172)

[node name="tree115" parent="environment/trees" index="115" instance=ExtResource("4_y5pk3")]
transform = Transform3D(-0.99452, 1.65585e-07, -0.104546, 1.58851e-07, 1, 7.27337e-08, 0.104546, 5.57279e-08, -0.99452, -85.2272, -32.6768, 135.08)

[node name="tree116" parent="environment/trees" index="116" instance=ExtResource("4_y5pk3")]
transform = Transform3D(-0.778276, 1.65585e-07, -0.627922, 9.38779e-08, 1, 1.47346e-07, 0.627922, 5.57279e-08, -0.778276, -71.6672, -32.8873, 157.828)

[node name="tree117" parent="environment/trees" index="117" instance=ExtResource("4_y5pk3")]
transform = Transform3D(-0.778276, 1.65585e-07, -0.627922, 9.38779e-08, 1, 1.47346e-07, 0.627922, 5.57279e-08, -0.778276, -78.842, -32.6347, 149.321)

[node name="tree118" parent="environment/trees" index="118" instance=ExtResource("4_y5pk3")]
transform = Transform3D(0.952247, 1.65585e-07, -0.30533, -1.74693e-07, 1, -2.50875e-09, 0.30533, 5.57279e-08, 0.952247, -102.927, -32.5366, 141.919)

[node name="tree119" parent="environment/trees" index="119" instance=ExtResource("4_y5pk3")]
transform = Transform3D(0.956763, 1.65585e-07, -0.290869, -1.74635e-07, 1, -5.15487e-09, 0.290869, 5.57279e-08, 0.956763, -139.426, -32.2095, 113.176)

[node name="tree121" parent="environment/trees" index="120" instance=ExtResource("4_y5pk3")]
transform = Transform3D(-0.0806339, 1.65585e-07, -0.996744, -4.21947e-08, 1, 1.69539e-07, 0.996744, 5.57279e-08, -0.0806339, -110.811, -32.3197, 121.424)

[node name="tree122" parent="environment/trees" index="121" instance=ExtResource("4_y5pk3")]
transform = Transform3D(0.914014, 1.65585e-07, -0.405684, -1.73955e-07, 1, 1.6239e-08, 0.405684, 5.57279e-08, 0.914014, -158.736, -34.2953, 157.824)

[node name="tree123" parent="environment/trees" index="122" instance=ExtResource("4_y5pk3")]
transform = Transform3D(-0.0806339, 1.65585e-07, -0.996744, -4.21947e-08, 1, 1.69539e-07, 0.996744, 5.57279e-08, -0.0806339, -106.996, -32.1458, 112.08)

[node name="tree124" parent="environment/trees" index="123" instance=ExtResource("4_y5pk3")]
transform = Transform3D(-0.99452, 1.65585e-07, -0.104546, 1.58851e-07, 1, 7.27337e-08, 0.104546, 5.57279e-08, -0.99452, -114.171, -32.0674, 103.573)

[node name="tree125" parent="environment/trees" index="124" instance=ExtResource("4_y5pk3")]
transform = Transform3D(-0.99452, 1.65585e-07, -0.104546, 1.58851e-07, 1, 7.27337e-08, 0.104546, 5.57279e-08, -0.99452, -127.424, -31.1135, 97.5402)

[node name="tree126" parent="environment/trees" index="125" instance=ExtResource("4_y5pk3")]
transform = Transform3D(-0.778276, 1.65585e-07, -0.627922, 9.38779e-08, 1, 1.47346e-07, 0.627922, 5.57279e-08, -0.778276, -169.653, -32.587, 121.485)

[node name="tree127" parent="environment/trees" index="126" instance=ExtResource("4_y5pk3")]
transform = Transform3D(0.447946, 1.65585e-07, -0.894061, -1.23997e-07, 1, 1.2308e-07, 0.894061, 5.57279e-08, 0.447946, -164.918, -32.9196, 135.484)

[node name="tree129" parent="environment/trees" index="127" instance=ExtResource("4_y5pk3")]
transform = Transform3D(-0.99452, 1.65585e-07, -0.104546, 1.58851e-07, 1, 7.27337e-08, 0.104546, 5.57279e-08, -0.99452, -153.727, -31.0624, 99.9616)

[node name="tree131" parent="environment/trees" index="128" instance=ExtResource("4_y5pk3")]
transform = Transform3D(0.956763, 1.65585e-07, -0.290869, -1.74635e-07, 1, -5.15487e-09, 0.290869, 5.57279e-08, 0.956763, -155.736, -32.347, 113.477)

[node name="tree132" parent="environment/trees" index="129" instance=ExtResource("4_y5pk3")]
transform = Transform3D(-0.778276, 1.65585e-07, -0.627922, 9.38779e-08, 1, 1.47346e-07, 0.627922, 5.57279e-08, -0.778276, -166.588, -32.5205, 113.356)

[node name="tree133" parent="environment/trees" index="130" instance=ExtResource("4_y5pk3")]
transform = Transform3D(0.447946, 1.65585e-07, -0.894061, -1.23997e-07, 1, 1.2308e-07, 0.894061, 5.57279e-08, 0.447946, -162.99, -38.8155, 178.892)

[node name="tree134" parent="environment/trees" index="131" instance=ExtResource("4_y5pk3")]
transform = Transform3D(0.447946, 1.65585e-07, -0.894061, -1.23997e-07, 1, 1.2308e-07, 0.894061, 5.57279e-08, 0.447946, -126.829, -36.2102, 199.615)

[node name="tree135" parent="environment/trees" index="132" instance=ExtResource("4_y5pk3")]
transform = Transform3D(-0.778276, 1.65585e-07, -0.627922, 9.38779e-08, 1, 1.47346e-07, 0.627922, 5.57279e-08, -0.778276, -175.063, -43.7543, 188.142)

[node name="tree136" parent="environment/trees" index="133" instance=ExtResource("4_y5pk3")]
transform = Transform3D(0.447946, 1.65585e-07, -0.894061, -1.23997e-07, 1, 1.2308e-07, 0.894061, 5.57279e-08, 0.447946, -138.152, -37.7168, 201.403)

[node name="tree137" parent="environment/trees" index="134" instance=ExtResource("4_y5pk3")]
transform = Transform3D(-0.124502, 1.65585e-07, -0.992219, -3.46787e-08, 1, 1.71235e-07, 0.992219, 5.57279e-08, -0.124502, -116.529, -33.3003, 177.653)

[node name="tree138" parent="environment/trees" index="135" instance=ExtResource("4_y5pk3")]
transform = Transform3D(0.473642, 1.65585e-07, -0.880717, -1.27509e-07, 1, 1.19438e-07, 0.880717, 5.57279e-08, 0.473642, -123.703, -32.7663, 169.146)

[node name="tree139" parent="environment/trees" index="136" instance=ExtResource("4_y5pk3")]
transform = Transform3D(0.961329, 1.65585e-07, 0.275402, -1.43834e-07, 1, -9.91753e-08, -0.275402, 5.57279e-08, 0.961329, -134.555, -32.9887, 169.026)

[node name="tree140" parent="environment/trees" index="137" instance=ExtResource("4_y5pk3")]
transform = Transform3D(-0.201916, 1.65585e-07, -0.979403, -2.11459e-08, 1, 1.73427e-07, 0.979403, 5.57279e-08, -0.201916, -214.85, -37.202, 159.102)

[node name="tree141" parent="environment/trees" index="138" instance=ExtResource("4_y5pk3")]
transform = Transform3D(-0.201916, 1.65585e-07, -0.979403, -2.11459e-08, 1, 1.73427e-07, 0.979403, 5.57279e-08, -0.201916, -198.382, -36.6796, 161.333)

[node name="tree142" parent="environment/trees" index="139" instance=ExtResource("4_y5pk3")]
transform = Transform3D(-0.201916, 1.65585e-07, -0.979403, -2.11459e-08, 1, 1.73427e-07, 0.979403, 5.57279e-08, -0.201916, -185.908, -36.1089, 163.96)

[node name="tree143" parent="environment/trees" index="140" instance=ExtResource("4_y5pk3")]
transform = Transform3D(-0.201916, 1.65585e-07, -0.979403, -2.11459e-08, 1, 1.73427e-07, 0.979403, 5.57279e-08, -0.201916, -195.524, -33.8756, 139.319)

[node name="tree144" parent="environment/trees" index="141" instance=ExtResource("4_y5pk3")]
transform = Transform3D(-0.201916, 1.65585e-07, -0.979403, -2.11459e-08, 1, 1.73427e-07, 0.979403, 5.57279e-08, -0.201916, -182.031, -33.7713, 145.834)

[node name="tree145" parent="environment/trees" index="142" instance=ExtResource("4_y5pk3")]
transform = Transform3D(-0.778276, 1.65585e-07, -0.627922, 9.38779e-08, 1, 1.47346e-07, 0.627922, 5.57279e-08, -0.778276, -195.967, -32.7957, 122.824)

[node name="tree146" parent="environment/trees" index="143" instance=ExtResource("4_y5pk3")]
transform = Transform3D(-0.778276, 1.65585e-07, -0.627922, 9.38779e-08, 1, 1.47346e-07, 0.627922, 5.57279e-08, -0.778276, -215.538, -34.83, 133.705)

[node name="tree147" parent="environment/trees" index="144" instance=ExtResource("6_3mss3")]
transform = Transform3D(-0.99452, 1.65585e-07, -0.104546, 1.58851e-07, 1, 7.27337e-08, 0.104546, 5.57279e-08, -0.99452, -115.297, -29.9375, 78.3382)

[node name="tree148" parent="environment/trees" index="145" instance=ExtResource("6_3mss3")]
transform = Transform3D(-0.99452, 1.65585e-07, -0.104546, 1.58851e-07, 1, 7.27337e-08, 0.104546, 5.57279e-08, -0.99452, -121.857, -31.781, 91.7441)

[node name="tree150" parent="environment/trees" index="146" instance=ExtResource("6_3mss3")]
transform = Transform3D(-0.99452, 1.65585e-07, -0.104546, 1.58851e-07, 1, 7.27337e-08, 0.104546, 5.57279e-08, -0.99452, -147.247, -32.2745, 108.513)

[node name="tree151" parent="environment/trees" index="147" instance=ExtResource("6_3mss3")]
transform = Transform3D(0.956763, 1.65585e-07, -0.290869, -1.74635e-07, 1, -5.15487e-09, 0.290869, 5.57279e-08, 0.956763, -163.173, -34.2087, 150.352)

